
1.0E12 0. 0.    /A2 -- TMAX, STIM, ANG
m   sec J       /A3 -- ZUNIT, TUNIT, CUNX
102 30    /A4 -- NXR, NLY
1 100000000    /A5 -- NRECH, NUMT
F T T      /A6 -- RAD, ITSTOP, TRANS
T T      /A6A -- CIS, CIT
F F T F F     /A7 -- F11P, F7P, F8P, F9P, F6P
F T F F F      /A8 -- THPT, SPNT, PPNT, HPNT, VPNT
0 1     /A9 -- IFAC, FACX. A10 begins next line: DXR
249.02777 249.02777 249.02777 249.02777 249.02777 249.02777 249.02777 249.02777 249.02777 249.02777 
249.02777 249.02777 249.02777 249.02777 249.02777 249.02777 249.02777 249.02777 249.02777 249.02777 
249.02777 249.02777 249.02777 249.02777 249.02777 249.02777 249.02777 249.02777 249.02777 249.02777 
249.02777 249.02777 249.02777 249.02777 249.02777 249.02777 249.02777 249.02777 249.02777 249.02777 
249.02777 249.02777 249.02777 249.02777 249.02777 249.02777 249.02777 249.02777 249.02777 249.02777 
249.02777 249.02777 249.02777 249.02777 249.02777 249.02777 249.02777 249.02777 249.02777 249.02777 
249.02777 249.02777 249.02777 249.02777 249.02777 249.02777 249.02777 249.02777 249.02777 249.02777 
249.02777 249.02777 249.02777 249.02777 249.02777 249.02777 249.02777 249.02777 249.02777 249.02777 
249.02777 249.02777 249.02777 249.02777 249.02777 249.02777 249.02777 249.02777 249.02777 249.02777 
249.02777 249.02777 249.02777 249.02777 249.02777 249.02777 249.02777 249.02777 249.02777 249.02777 
249.02777 249.02777
0 1     /A11 -- JFAC, FACZ. A12 begins next line: DELZ
99.14435 99.14435 99.14435 99.14435 99.14435 99.14435 99.14435 99.14435 99.14435 99.14435 
99.14435 99.14435 99.14435 99.14435 99.14435 99.14435 99.14435 99.14435 99.14435 99.14435 
99.14435 99.14435 99.14435 99.14435 99.14435 99.14435 99.14435 99.14435 99.14435 99.14435
1     /A13 -- NPLT. A14 begins next line: PLTIM
1e12 
0.01 0.7 0.5 0.01 0.01     /B1 -- EPS, HMAX, WUS, EPS1, EPS2
1 1000     /B3 -- MINIT, ITMAX
F     /B4 -- PHRD
5 6 6     /B5 -- NTEX, NPROP, NPROP1
1 1     /B5A -- hydraulicFunctionType, adsorptionType (not used)
1     /B6 -- ITEX. B7 to begin next line: HK
1.0 0.0 0.0 0.0 0.0 0.0 0.0
0.0 0.0 0.0 0.0 0.0 0.0      /B7A -- HT
2     /B6 -- ITEX. B7 to begin next line: HK
0.1 1.0E-4 1.0E-4 0.2 3.5 0.03 2.0
100.0 10.0 2180000.0 1.8 2.2 4186000.0      /B7A -- HT
3     /B6 -- ITEX. B7 to begin next line: HK
0.1 1.0E-5 1.0E-5 0.1 3.5 0.02 2.0
100.0 10.0 2180000.0 1.8 2.2 4186000.0      /B7A -- HT
4     /B6 -- ITEX. B7 to begin next line: HK
1.0 5.0E-8 1.0E-6 0.06 3.5 0.02 2.0
100.0 10.0 2180000.0 2.8 3.0 4186000.0      /B7A -- HT
5     /B6 -- ITEX. B7 to begin next line: HK
0.1 5.0E-5 5.0E-5 0.12 3.5 0.03 2.0
100.0 10.0 2180000.0 1.8 2.2 4186000.0      /B7A -- HT
0     /B8 -- IROW. B9 begins next line: JTEX
1 1 1 1 1 1 1 1 1 1 1 1 1 1 1 1 1 1 1 1 1 1 1 1 1 1 1 1 1 1 1 1 1 1 1 1 1 1 1 1 1 1 1 1 1 1 1 1 1 1 1 1 1 1 1 1 1 1 1 1 1 1 1 1 1 1 1 1 1 1 1 1 1 1 1 1 1 1 1 1 1 1 1 1 1 1 1 1 1 1 1 1 1 1 1 1 1 1 1 1 1 1 
1 3 3 1 1 1 1 1 1 1 1 1 1 1 1 1 1 1 1 1 1 1 1 1 1 1 1 1 1 1 1 1 1 1 1 1 1 1 1 1 1 1 1 1 1 1 1 1 1 1 1 1 1 1 1 1 1 1 1 1 1 1 1 1 1 1 1 1 1 1 1 1 1 1 1 1 1 1 1 1 1 1 1 1 1 1 1 1 1 1 1 1 1 1 1 1 1 1 1 1 1 1
1 3 3 3 3 3 3 1 1 1 1 1 1 1 1 1 1 1 1 1 1 1 1 1 1 1 1 1 1 1 1 1 1 1 1 1 1 1 1 1 1 1 1 1 1 1 1 1 1 1 1 1 1 1 1 1 1 1 1 1 1 1 1 1 1 1 1 1 1 1 1 1 1 1 1 1 1 1 1 1 1 1 1 1 1 1 1 1 1 1 1 1 1 1 1 1 1 1 1 1 1 1
1 4 4 3 3 3 3 3 3 3 3 1 1 1 1 1 1 1 1 1 1 1 1 1 1 1 1 1 1 1 1 1 1 1 1 1 1 1 1 1 1 1 1 1 1 1 1 1 1 1 1 1 1 1 1 1 1 1 1 1 1 1 1 1 1 1 1 1 1 1 1 1 1 1 1 1 1 1 1 1 1 1 1 1 1 1 1 1 1 1 1 1 1 1 1 1 1 1 1 1 1 1
1 4 4 4 4 4 4 3 3 3 3 3 3 1 1 1 1 1 1 1 1 1 1 1 1 1 1 1 1 1 1 1 1 1 1 1 1 1 1 1 1 1 1 1 1 1 1 1 1 1 1 1 1 1 1 1 1 1 1 1 1 1 1 1 1 1 1 1 1 1 1 1 1 1 1 1 1 1 1 1 1 1 1 1 1 1 1 1 1 1 1 1 1 1 1 1 1 1 1 1 1 1
1 4 4 4 4 4 4 4 4 4 4 3 3 3 3 3 1 1 1 1 1 1 1 1 1 1 1 1 1 1 1 1 1 1 1 1 1 1 1 1 1 1 1 1 1 1 1 1 1 1 1 1 1 1 1 1 1 1 1 1 1 1 1 1 1 1 1 1 1 1 1 1 1 1 1 1 1 1 1 1 1 1 1 1 1 1 1 1 1 1 1 1 1 1 1 1 1 1 1 1 1 1
1 4 4 4 4 4 4 4 4 4 4 4 4 3 3 3 3 3 3 1 1 1 1 1 1 1 1 1 1 1 1 1 1 1 1 1 1 1 1 1 1 1 1 1 1 1 1 1 1 1 1 1 1 1 1 1 1 1 1 1 1 1 1 1 1 1 1 1 1 1 1 1 1 1 1 1 1 1 1 1 1 1 1 1 1 1 1 1 1 1 1 1 1 1 1 1 1 1 1 1 1 1
1 4 4 4 4 4 4 4 4 4 4 4 4 4 4 4 3 3 3 3 3 1 1 1 1 1 1 1 1 1 1 1 1 1 1 1 1 1 1 1 1 1 1 1 1 1 1 1 1 1 1 1 1 1 1 1 1 1 1 1 1 1 1 1 1 1 1 1 1 1 1 1 1 1 1 1 1 1 1 1 1 1 1 1 1 1 1 1 1 1 1 1 1 1 1 1 1 1 1 1 1 1
1 4 4 4 4 4 4 4 4 4 4 4 4 4 4 4 4 4 4 3 3 3 3 3 1 1 1 1 1 1 1 1 1 1 1 1 1 1 1 1 1 1 1 1 1 1 1 1 1 1 1 1 1 1 1 1 1 1 1 1 1 1 1 1 1 1 1 1 1 1 1 1 1 1 1 1 1 1 1 1 1 1 1 1 1 1 1 1 1 1 1 1 1 1 1 1 1 1 1 1 1 1
1 4 4 4 4 4 4 4 4 4 4 4 4 4 4 4 4 4 4 4 4 3 3 3 3 3 1 1 1 1 1 1 1 1 1 1 1 1 1 1 1 1 1 1 1 1 1 1 1 1 1 1 1 1 1 1 1 1 1 1 1 1 1 1 1 1 1 1 1 1 1 1 1 1 1 1 1 1 1 1 1 1 1 1 1 1 1 1 1 1 1 1 1 1 1 1 1 1 1 1 1 1
1 4 4 4 4 4 4 4 4 4 4 4 4 4 4 4 4 4 4 4 4 4 4 3 3 3 3 3 3 1 3 3 3 3 3 3 3 3 3 3 1 1 1 1 1 1 1 1 1 1 1 1 1 1 1 1 1 1 1 1 1 1 1 1 1 1 1 1 1 1 1 1 1 1 1 1 1 1 1 1 1 1 1 1 1 1 1 1 1 1 1 1 1 1 1 1 1 1 1 1 1 1
1 4 4 4 4 4 4 4 4 4 4 4 4 4 4 4 4 4 4 4 4 4 4 4 4 3 3 3 3 3 3 3 3 3 3 3 3 3 3 3 3 3 3 3 1 1 1 1 1 1 1 1 1 1 1 1 1 1 1 1 1 1 1 1 1 1 1 1 1 1 1 1 1 1 1 1 1 1 1 1 1 1 1 1 1 1 1 1 1 1 1 1 1 1 1 1 1 1 1 1 1 1
1 4 4 4 4 4 4 4 4 4 4 4 4 4 4 4 4 4 4 4 4 4 4 4 4 4 4 4 3 3 3 4 4 4 4 4 4 4 4 3 3 3 3 3 3 3 3 1 1 1 1 1 1 1 1 1 1 1 1 1 1 1 1 1 1 1 1 1 1 1 1 1 1 1 1 1 1 1 1 1 1 1 1 1 1 1 1 1 1 1 1 1 1 1 1 1 1 1 1 1 1 1
1 4 4 4 4 4 4 4 4 4 4 4 4 4 4 4 4 4 4 4 4 4 4 4 4 4 4 4 4 4 4 4 4 4 4 4 4 4 4 4 4 4 4 3 3 3 3 3 1 1 1 1 1 1 1 1 1 1 1 1 1 1 1 1 1 1 1 1 1 1 1 1 1 1 1 1 1 1 1 1 1 1 1 1 1 1 1 1 1 1 1 1 1 1 1 1 1 1 1 1 1 1
1 4 4 4 4 4 4 4 4 4 4 4 4 4 4 4 4 4 4 4 4 4 4 4 4 4 4 4 4 4 4 4 4 4 4 4 4 4 4 4 4 4 4 4 4 4 3 3 3 3 1 1 1 1 1 1 1 1 1 1 1 1 1 1 1 1 1 1 1 1 1 1 1 1 1 1 1 1 1 1 1 1 1 1 1 1 1 1 1 1 1 1 1 1 1 1 1 1 1 1 1 1
1 4 4 4 4 4 4 4 4 4 4 4 4 4 4 4 4 4 4 4 4 4 4 4 4 4 4 4 4 4 4 4 4 4 4 4 4 4 4 4 4 4 4 4 4 4 4 4 3 3 3 3 1 1 1 1 1 1 1 1 1 1 1 1 1 1 1 1 1 1 1 1 1 1 1 1 1 1 1 1 1 1 1 1 1 1 1 1 1 1 1 1 1 1 1 1 1 1 1 1 1 1
1 4 4 4 4 4 4 4 4 4 4 4 4 4 4 4 4 4 4 4 4 4 4 4 4 4 4 4 4 4 4 4 4 4 4 4 4 4 4 4 4 4 4 4 4 4 4 4 4 4 3 3 3 1 1 1 1 1 1 1 1 1 1 1 1 1 1 1 1 1 1 1 1 1 1 1 1 1 1 1 1 1 1 1 1 1 1 1 1 1 1 1 1 1 1 1 1 1 1 1 1 1
1 4 4 4 4 4 4 4 4 4 4 4 4 4 4 4 4 4 4 4 4 4 4 4 4 4 4 4 4 4 4 4 4 4 4 4 4 4 4 4 4 4 4 4 4 4 4 4 4 4 4 4 3 3 3 1 1 1 1 1 1 1 1 1 1 1 1 1 1 1 1 1 1 1 1 1 1 1 1 1 1 1 1 1 1 1 1 1 1 1 1 1 1 1 1 1 1 1 1 1 1 1
1 4 4 4 4 4 4 4 4 4 4 4 4 4 4 4 4 4 4 4 4 4 4 4 4 4 4 4 4 4 4 4 4 4 4 4 4 4 4 4 4 4 4 4 4 4 4 4 4 4 4 4 4 3 3 3 3 1 1 1 1 1 1 1 1 1 1 1 1 1 1 1 1 1 1 1 1 1 1 1 1 1 1 1 1 1 1 1 1 1 1 1 1 1 1 1 1 1 1 1 1 1
1 4 4 4 4 4 4 4 4 4 4 4 4 4 4 4 4 4 4 4 4 4 4 4 4 4 4 4 4 4 4 4 4 4 4 4 4 4 4 4 4 4 4 4 4 4 4 4 4 4 4 4 4 4 4 3 3 3 3 3 5 5 5 1 1 1 1 1 1 1 1 1 1 1 1 1 1 1 1 1 1 1 1 1 1 1 1 1 1 1 1 1 1 1 1 1 1 1 1 1 1 1
1 4 4 4 4 4 4 4 4 4 4 4 4 4 4 4 4 4 4 4 4 4 4 4 4 4 4 4 4 4 4 4 4 4 4 4 4 4 4 4 4 4 4 4 4 4 4 4 4 4 4 4 4 4 4 4 4 3 3 3 3 3 5 5 5 5 5 5 5 5 5 5 1 1 1 1 1 1 1 1 1 1 1 1 1 1 1 1 1 1 1 1 1 1 1 1 1 1 1 1 1 1
1 4 4 4 4 4 4 4 4 4 4 4 4 4 4 4 4 4 4 4 4 4 4 4 4 4 4 4 4 4 4 4 4 4 4 4 4 4 4 4 4 4 4 4 4 4 4 4 4 4 4 4 4 4 4 4 4 4 4 3 3 3 3 3 5 5 5 5 5 5 5 5 5 5 5 5 5 5 5 5 5 5 5 5 5 2 2 2 1 1 1 1 1 1 1 1 1 1 1 1 1 1
1 4 4 4 4 4 4 4 4 4 4 4 4 4 4 4 4 4 4 4 4 4 4 4 4 4 4 4 4 4 4 4 4 4 4 4 4 4 4 4 4 4 4 4 4 4 4 4 4 4 4 4 4 4 4 4 4 4 4 4 4 3 3 3 3 5 5 5 5 5 5 5 5 5 5 5 5 5 5 5 5 5 5 5 5 5 2 2 2 2 2 2 2 2 2 2 2 2 2 2 2 1
1 4 4 4 4 4 4 4 4 4 4 4 4 4 4 4 4 4 4 4 4 4 4 4 4 4 4 4 4 4 4 4 4 4 4 4 4 4 4 4 4 4 4 4 4 4 4 4 4 4 4 4 4 4 4 4 4 4 4 4 4 4 3 3 3 3 3 5 5 5 5 5 5 5 5 5 5 5 5 5 5 5 5 5 5 5 2 2 2 2 2 2 2 2 2 2 2 2 2 2 2 1
1 4 4 4 4 4 4 4 4 4 4 4 4 4 4 4 4 4 4 4 4 4 4 4 4 4 4 4 4 4 4 4 4 4 4 4 4 4 4 4 4 4 4 4 4 4 4 4 4 4 4 4 4 4 4 4 4 4 4 4 4 4 4 4 3 3 3 3 5 5 5 5 5 5 5 5 5 5 5 5 5 5 5 5 5 5 5 2 2 2 2 2 2 2 2 2 2 2 2 2 2 1
1 4 4 4 4 4 4 4 4 4 4 4 4 4 4 4 4 4 4 4 4 4 4 4 4 4 4 4 4 4 4 4 4 4 4 4 4 4 4 4 4 4 4 4 4 4 4 4 4 4 4 4 4 4 4 4 4 4 4 4 4 4 4 4 4 4 3 3 3 3 5 5 5 5 5 5 5 5 5 5 5 5 5 5 5 5 5 2 2 2 2 2 2 2 2 2 2 2 2 2 2 1
1 4 4 4 4 4 4 4 4 4 4 4 4 4 4 4 4 4 4 4 4 4 4 4 4 4 4 4 4 4 4 4 4 4 4 4 4 4 4 4 4 4 4 4 4 4 4 4 4 4 4 4 4 4 4 4 4 4 4 4 4 4 4 4 4 4 4 3 3 3 3 3 5 5 5 5 5 5 5 5 5 5 5 5 5 5 5 5 2 2 2 2 2 2 2 2 2 2 2 2 2 1
1 4 4 4 4 4 4 4 4 4 4 4 4 4 4 4 4 4 4 4 4 4 4 4 4 4 4 4 4 4 4 4 4 4 4 4 4 4 4 4 4 4 4 4 4 4 4 4 4 4 4 4 4 4 4 4 4 4 4 4 4 4 4 4 4 4 4 4 4 3 3 3 3 5 5 5 5 5 5 5 5 5 5 5 5 5 5 5 5 2 2 2 2 2 2 2 2 2 2 2 2 1
1 4 4 4 4 4 4 4 4 4 4 4 4 4 4 4 4 4 4 4 4 4 4 4 4 4 4 4 4 4 4 4 4 4 4 4 4 4 4 4 4 4 4 4 4 4 4 4 4 4 4 4 4 4 4 4 4 4 4 4 4 4 4 4 4 4 4 4 4 4 3 3 3 3 3 5 5 5 5 5 5 5 5 5 5 5 5 5 5 2 2 2 2 2 2 2 2 2 2 2 2 1
1 1 1 1 1 1 1 1 1 1 1 1 1 1 1 1 1 1 1 1 1 1 1 1 1 1 1 1 1 1 1 1 1 1 1 1 1 1 1 1 1 1 1 1 1 1 1 1 1 1 1 1 1 1 1 1 1 1 1 1 1 1 1 1 1 1 1 1 1 1 1 1 1 1 1 1 1 1 1 1 1 1 1 1 1 1 1 1 1 1 1 1 1 1 1 1 1 1 1 1 1 1 
0 0.05     /B11 -- IREAD, FACTOR
F F      /B14 -- BCIT, ETSIM
0 20.0     /B24 -- IREAD, FACTOR
1.0E12 1.0     /C1 -- TPER, DELT (Recharge Period 1)
1.1 5.0E8 1.0 0.05     /C2 -- TMLT, DLTMX, DLTMIN, TRED
100.0 0.1     /C3 -- DSMAX, STERR
20.0     /C4 -- POND
F     /C5 -- PRNT
F F F     /C6 -- BCIT, ETSIM, SEEP
0     /C10 -- IBC. C11 begins next line: JJ, NN, NTX, PFDUM, (NTC, CF)
29 3 0 0.0 2 0.071409546
29 4 0 0.0 2 0.071409546
29 5 0 0.0 2 0.071409546
29 6 0 0.0 2 0.071409546
29 7 0 0.0 2 0.071409546
29 8 0 0.0 2 0.071409546
29 9 0 0.0 2 0.071409546
29 10 0 0.0 2 0.071409546
29 11 0 0.0 2 0.071409546
29 12 0 0.0 2 0.071409546
29 13 0 0.0 2 0.071409546
29 14 0 0.0 2 0.071409546
29 15 0 0.0 2 0.071409546
29 16 0 0.0 2 0.071409546
29 17 0 0.0 2 0.071409546
29 18 0 0.0 2 0.071409546
29 19 0 0.0 2 0.071409546
29 20 0 0.0 2 0.071409546
29 21 0 0.0 2 0.071409546
29 22 0 0.0 2 0.071409546
29 23 0 0.0 2 0.071409546
29 24 0 0.0 2 0.071409546
29 25 0 0.0 2 0.071409546
29 26 0 0.0 2 0.071409546
29 27 0 0.0 2 0.071409546
29 28 0 0.0 2 0.071409546
29 29 0 0.0 2 0.071409546
29 30 0 0.0 2 0.071409546
29 31 0 0.0 2 0.071409546
29 32 0 0.0 2 0.071409546
29 33 0 0.0 2 0.071409546
29 34 0 0.0 2 0.071409546
29 35 0 0.0 2 0.071409546
29 36 0 0.0 2 0.071409546
29 37 0 0.0 2 0.071409546
29 38 0 0.0 2 0.071409546
29 39 0 0.0 2 0.071409546
29 40 0 0.0 2 0.071409546
29 41 0 0.0 2 0.071409546
29 42 0 0.0 2 0.071409546
29 43 0 0.0 2 0.071409546
29 44 0 0.0 2 0.071409546
29 45 0 0.0 2 0.071409546
29 46 0 0.0 2 0.071409546
29 47 0 0.0 2 0.071409546
29 48 0 0.0 2 0.071409546
29 49 0 0.0 2 0.071409546
29 50 0 0.0 2 0.071409546
29 51 0 0.0 2 0.071409546
29 52 0 0.0 2 0.071409546
29 53 0 0.0 2 0.071409546
29 54 0 0.0 2 0.071409546
29 55 0 0.0 2 0.071409546
29 56 0 0.0 2 0.071409546
29 57 0 0.0 2 0.071409546
29 58 0 0.0 2 0.071409546
29 59 0 0.0 2 0.071409546
29 60 0 0.0 2 0.071409546
29 61 0 0.0 2 0.071409546
29 62 0 0.0 2 0.071409546
29 63 0 0.0 2 0.071409546
29 64 0 0.0 2 0.071409546
29 65 0 0.0 2 0.071409546
29 66 0 0.0 2 0.071409546
29 67 0 0.0 2 0.071409546
29 68 0 0.0 2 0.071409546
29 69 0 0.0 2 0.071409546
29 70 0 0.0 2 0.06832131
29 71 0 0.0 2 0.06832131
29 72 0 0.0 2 0.06832131
29 73 0 0.0 2 0.06832131
29 74 0 0.0 2 0.06832131
29 75 0 0.0 2 0.06832131
29 76 0 0.0 2 0.06832131
29 77 0 0.0 2 0.06832131
29 78 0 0.0 2 0.06832131
29 79 0 0.0 2 0.06832131
29 80 0 0.0 2 0.06832131
29 81 0 0.0 2 0.06832131
29 82 0 0.0 2 0.07255066
29 83 0 0.0 2 0.07255066
29 84 0 0.0 2 0.07255066
29 85 0 0.0 2 0.07255066
29 86 0 0.0 2 0.07255066
29 87 0 0.0 2 0.07255066
29 88 0 0.0 2 0.07255066
29 89 0 0.0 2 0.07255066
29 90 0 0.0 2 0.07255066
29 91 0 0.0 2 0.07437256
29 92 0 0.0 2 0.07437256
29 93 0 0.0 2 0.07437256
29 94 0 0.0 2 0.07437256
29 95 0 0.0 2 0.07437256
29 96 0 0.0 2 0.07437256
29 97 0 0.0 2 0.07437256
29 98 0 0.0 2 0.07437256
29 99 0 0.0 2 0.07437256
29 100 0 0.0 2 0.07437256
28 101 4 -2136.3542 0 22.0
29 101 4 -2136.3542 0 22.0
25 101 4 -2136.3542 0 22.0
26 101 4 -2136.3542 0 22.0
27 101 4 -2136.3542 0 22.0
23 101 4 -2136.3542 0 22.0
24 101 4 -2136.3542 0 22.0
23 90 2 2.2056962E-10 0 14.0
23 91 2 2.2056962E-10 0 14.0
23 92 2 2.2056962E-10 0 14.0
23 93 2 2.2056962E-10 0 14.0
23 94 2 2.2056962E-10 0 14.0
23 95 2 2.2056962E-10 0 14.0
23 96 2 2.2056962E-10 0 14.0
23 97 2 2.2056962E-10 0 14.0
23 98 2 2.2056962E-10 0 14.0
23 99 2 2.2056962E-10 0 14.0
23 100 2 2.2056962E-10 0 14.0
22 87 2 4.1834043E-9 0 13.0
22 88 2 4.1834043E-9 0 13.0
23 89 2 4.1834043E-9 0 13.0
22 79 2 9.466812E-10 0 13.0
22 80 2 9.466812E-10 0 13.0
22 81 2 9.466812E-10 0 13.0
22 82 2 9.466812E-10 0 13.0
22 83 2 9.466812E-10 0 13.0
22 84 2 9.466812E-10 0 13.0
22 85 2 9.466812E-10 0 13.0
22 86 2 9.466812E-10 0 13.0
21 70 2 9.857077E-10 0 13.0
21 71 2 9.857077E-10 0 13.0
21 72 2 9.857077E-10 0 13.0
22 73 2 9.857077E-10 0 13.0
22 74 2 9.857077E-10 0 13.0
22 75 2 9.857077E-10 0 13.0
22 76 2 9.857077E-10 0 13.0
22 77 2 9.857077E-10 0 13.0
22 78 2 9.857077E-10 0 13.0
20 60 2 1.0678285E-9 0 13.0
20 61 2 1.0678285E-9 0 13.0
20 62 2 1.0678285E-9 0 13.0
20 63 2 1.0678285E-9 0 13.0
21 64 2 1.0678285E-9 0 13.0
21 65 2 1.0678285E-9 0 13.0
21 66 2 1.0678285E-9 0 13.0
21 67 2 1.0678285E-9 0 13.0
21 68 2 1.0678285E-9 0 13.0
21 69 2 1.0678285E-9 0 13.0
18 54 2 1.759075E-10 0 12.0
18 55 2 1.759075E-10 0 12.0
19 56 2 1.759075E-10 0 12.0
19 57 2 1.759075E-10 0 12.0
20 58 2 1.759075E-10 0 12.0
20 59 2 1.759075E-10 0 12.0
13 47 2 3.321311E-10 0 10.0
14 48 2 3.321311E-10 0 10.0
15 49 2 3.321311E-10 0 10.0
15 50 2 3.321311E-10 0 10.0
16 51 2 3.321311E-10 0 10.0
16 52 2 3.321311E-10 0 10.0
17 53 2 3.321311E-10 0 10.0
11 38 2 2.912401E-10 0 7.0
11 39 2 2.912401E-10 0 7.0
11 40 2 2.912401E-10 0 7.0
12 41 2 2.912401E-10 0 7.0
12 42 2 2.912401E-10 0 7.0
12 43 2 2.912401E-10 0 7.0
12 44 2 2.912401E-10 0 7.0
13 45 2 2.912401E-10 0 7.0
13 46 2 2.912401E-10 0 7.0
11 29 2 2.8176003E-10 0 7.0
11 31 2 2.8176003E-10 0 7.0
11 32 2 2.8176003E-10 0 7.0
11 33 2 2.8176003E-10 0 7.0
11 34 2 2.8176003E-10 0 7.0
11 35 2 2.8176003E-10 0 7.0
11 36 2 2.8176003E-10 0 7.0
11 37 2 2.8176003E-10 0 7.0
12 30 2 2.8176003E-10 0 7.0
8 21 2 4.4909845E-10 0 6.0
9 22 2 4.4909845E-10 0 6.0
9 23 2 4.4909845E-10 0 6.0
9 24 2 4.4909845E-10 0 6.0
10 25 2 4.4909845E-10 0 6.0
10 26 2 4.4909845E-10 0 6.0
11 27 2 4.4909845E-10 0 6.0
11 28 2 4.4909845E-10 0 6.0
4 11 2 3.9594003E-10 0 4.0
5 12 2 3.9594003E-10 0 4.0
5 13 2 3.9594003E-10 0 4.0
6 14 2 3.9594003E-10 0 4.0
6 15 2 3.9594003E-10 0 4.0
6 16 2 3.9594003E-10 0 4.0
7 17 2 3.9594003E-10 0 4.0
7 18 2 3.9594003E-10 0 4.0
7 19 2 3.9594003E-10 0 4.0
8 20 2 3.9594003E-10 0 4.0
2 3 2 5.7015287E-10 0 2.0
3 4 2 5.7015287E-10 0 2.0
3 5 2 5.7015287E-10 0 2.0
3 6 2 5.7015287E-10 0 2.0
3 7 2 5.7015287E-10 0 2.0
4 8 2 5.7015287E-10 0 2.0
4 9 2 5.7015287E-10 0 2.0
4 10 2 5.7015287E-10 0 2.0
-999999 / C13 -- End of data for recharge period 1
-999999 / End of input data file
